   4.00000000000000       0.526152690976336     
   3.99647712126333       0.533426191630032     
   3.99295424252667       0.540300386487161     
   3.98943136379000       0.546806081457317     
   3.98590848505333       0.552970661770617     
   3.98238560631667       0.558818599371372     
   3.97886272758000       0.564371865718386     
   3.97533984884334       0.569650273904854     
   3.97181697010667       0.574671761866891     
   3.96829409137000       0.579452627915304     
   3.96477121263334       0.584007729914241     
   3.96124833389667       0.588350654170384     
   3.95772545516000       0.592493859514115     
   3.95420257642334       0.596448800915987     
   3.95067969768667       0.600226036108259     
   3.94715681895000       0.603835318004436     
   3.94363394021334       0.607285675180991     
   3.94011106147667       0.610585482269004     
   3.93658818274000       0.613742521773127     
   3.93306530400334       0.616764038571302     
   3.92954242526667       0.619656788136463     
   3.92601954653000       0.622427081199244     
   3.92249666779334       0.625080820146272     
   3.91897378905667       0.627623522616889     
   3.91545091032001       0.630060374316792     
   3.91192803158334       0.632396241816358     
   3.90840515284667       0.634635699339434     
   3.90488227411001       0.636783051559582     
   3.90135939537334       0.638842353910376     
   3.89783651663667       0.640817430935888     
   3.89431363790001       0.642711892956174     
   3.89079075916334       0.644529151244950     
   3.88726788042667       0.646272431881758     
   3.88374500169001       0.647944788418361     
   3.88022212295334       0.649549113481393     
   3.87669924421667       0.651088149418516     
   3.87317636548001       0.652564498082627     
   3.86965348674334       0.653980629837737     
   3.86613060800667       0.655338891860636     
   3.86260772927001       0.656641515804208     
   3.85908485053334       0.657890624881027     
   3.85556197179667       0.659088240419614     
   3.85203909306001       0.660236287940131     
   3.84851621432334       0.661336602791507     
   3.84499333558668       0.662390935387644     
   3.84147045685001       0.663400956076597     
   3.83794757811334       0.664368259673291     
   3.83442469937668       0.665294369678166     
   3.83090182064001       0.666180742014992     
   3.82737894190334       0.667028768991185     
   3.82385606316668       0.667839782838524     
   3.82033318443001       0.668615058747415     
   3.81681030569334       0.669355817877174     
   3.81328742695668       0.670063230176408     
   3.80976454822001       0.670738417027604     
   3.80624166948334       0.671382453728776     
   3.80271879074668       0.671996371823979     
   3.79919591201001       0.672581161293464     
   3.79567303327334       0.673137772613379     
   3.79215015453668       0.673667118694112     
   3.78862727580001       0.674170076705621     
   3.78510439706334       0.674647489797454     
   3.78158151832668       0.675100168720529     
   3.77805863959001       0.675528893357236     
   3.77453576085335       0.675934414165858     
   3.77101288211668       0.676317458827515     
   3.76749000338001       0.676678715925860     
   3.76396712464335       0.677018855546915     
   3.76044424590668       0.677338524193366     
   3.75692136717001       0.677638344675436     
   3.75339848843335       0.677918917327123     
   3.74987560969668       0.678180821082396     
   3.74635273096001       0.678424614454951     
   3.74282985222335       0.678650836446020     
   3.73930697348668       0.678860007394469     
   3.73578409475001       0.679052629777806     
   3.73226121601335       0.679229188969734     
   3.72873833727668       0.679390153958216     
   3.72521545854001       0.679535978027090     
   3.72169257980335       0.679667099403718     
   3.71816970106668       0.679783941874806     
   3.71464682233002       0.679886915372277     
   3.71112394359335       0.679976416530948     
   3.70760106485668       0.680052829219584     
   3.70407818612002       0.680116525046801     
   3.70055530738335       0.680167863843198     
   3.69703242864668       0.680207194121006     
   3.69350954991002       0.680234853512450     
   3.68998667117335       0.680251169187967     
   3.68646379243668       0.680256458255323     
   3.68294091370002       0.680251028140647     
   3.67941803496335       0.680235176952316     
   3.67589515622668       0.680209193828562     
   3.67237227749002       0.680173359269653     
   3.66884939875335       0.680127945455415     
   3.66532652001668       0.680073216548855     
   3.66180364128002       0.680009428986554     
   3.65828076254335       0.679936831756522     
   3.65475788380669       0.679855666664103     
   3.65123500507002       0.679766168586547     
   3.64771212633335       0.679668565716775     
   3.64418924759669       0.679563079796888     
   3.64066636886002       0.679449926341892     
   3.63714349012335       0.679329314854123     
   3.63362061138669       0.679201449028809     
   3.63009773265002       0.679066526951191     
   3.62657485391335       0.678924741285593     
   3.62305197517669       0.678776279456835     
   3.61952909644002       0.678621323824321     
   3.61600621770335       0.678460051849167     
   3.61248333896669       0.678292636254662     
   3.60896046023002       0.678119245180264     
   3.60543758149335       0.677940042288893     
   3.60191470275669       0.677755186955133     
   3.59839182402002       0.677564834438576     
   3.59486894528336       0.677369135973391     
   3.59134606654669       0.677168238894759     
   3.58782318781002       0.676962286760486     
   3.58430030907336       0.676751419468000     
   3.58077743033669       0.676535773366953     
   3.57725455160002       0.676315481367590     
   3.57373167286336       0.676090673045095     
   3.57020879412669       0.675861475266925     
   3.56668591539002       0.675628012803743     
   3.56316303665336       0.675390402879942     
   3.55964015791669       0.675148762958380     
   3.55611727918002       0.674903207553590     
   3.55259440044336       0.674653848340106     
   3.54907152170669       0.674400794250187     
   3.54554864297002       0.674144151563357     
   3.54202576423336       0.673884023989517     
   3.53850288549669       0.673620512746896     
   3.53498000676002       0.673353716635716     
   3.53145712802336       0.673083732108239     
   3.52793424928669       0.672810653335666     
   3.52441137055003       0.672534572272229     
   3.52088849181336       0.672255578716770     
   3.51736561307669       0.671973760371983     
   3.51384273434003       0.671689202901507     
   3.51031985560336       0.671401989985001     
   3.50679697686669       0.671112203371308     
   3.50327409813003       0.670819922929812     
   3.49975121939336       0.670525226700077     
   3.49622834065669       0.670228190939839     
   3.49270546192003       0.669928890171426     
   3.48918258318336       0.669627397226675     
   3.48565970444669       0.669323783290404     
   3.48213682571003       0.669018117942485     
   3.47861394697336       0.668710469198605     
   3.47509106823669       0.668400903549717     
   3.47156818950003       0.668089486000286     
   3.46804531076336       0.667776280105324     
   3.46452243202670       0.667461348006298     
   3.46099955329003       0.667144750465929     
   3.45747667455336       0.666826546901937     
   3.45395379581670       0.666506795419760     
   3.45043091708003       0.666185552844291     
   3.44690803834336       0.665862874750668     
   3.44338515960670       0.665538815494146     
   3.43986228087003       0.665213428239095     
   3.43633940213336       0.664886764987137     
   3.43281652339670       0.664558876604471     
   3.42929364466003       0.664229812848405     
   3.42577076592336       0.663899622393121     
   3.42224788718670       0.663568352854707     
   3.41872500845003       0.663236050815476     
   3.41520212971336       0.662902761847599     
   3.41167925097670       0.662568530536071     
   3.40815637224003       0.662233400501040     
   3.40463349350337       0.661897414419519     
   3.40111061476670       0.661560614046491     
   3.39758773603003       0.661223040235446     
   3.39406485729337       0.660884732958353     
   3.39054197855670       0.660545731325094     
   3.38701909982003       0.660206073602377     
   3.38349622108337       0.659865797232139     
   3.37997334234670       0.659524938849467     
   3.37645046361003       0.659183534300041     
   3.37292758487337       0.658841618657122     
   3.36940470613670       0.658499226238097     
   3.36588182740003       0.658156390620595     
   3.36235894866337       0.657813145881451     
   3.35883606992670       0.657469522869134     
   3.35531319119003       0.657125552831006     
   3.35179031245337       0.656781266602540     
   3.34826743371670       0.656436694326887     
   3.34474455498004       0.656091865483876     
   3.34122167624337       0.655746808921104     
   3.33769879750670       0.655401552854897     
   3.33417591877004       0.655056124884512     
   3.33065304003337       0.654710552005827     
   3.32713016129670       0.654364860624463     
   3.32360728256004       0.654019076568389     
   3.32008440382337       0.653673225100081     
   3.31656152508670       0.653327330928282     
   3.31303864635004       0.652981418219392     
   3.30951576761337       0.652635510608525     
   3.30599288887670       0.652289631210260     
   3.30247001014004       0.651943802629100     
   3.29894713140337       0.651598046969664     
   3.29542425266670       0.651252385846613     
   3.29190137393004       0.650906840394340     
   3.28837849519337       0.650561431276422     
   3.28485561645671       0.650216178694848     
   3.28133273772004       0.649871102399034     
   3.27780985898337       0.649526221694627     
   3.27428698024671       0.649181555452106     
   3.27076410151004       0.648837122115198     
   3.26724122277337       0.648492939709096     
   3.26371834403671       0.648149025848497     
   3.26019546530004       0.647805397745471     
   3.25667258656337       0.647462072217144     
   3.25314970782671       0.647119065693226     
   3.24962682909004       0.646776394223372     
   3.24610395035337       0.646434073484386     
   3.24258107161671       0.646092118787268     
   3.23905819288004       0.645750545084117     
   3.23553531414337       0.645409366974884     
   3.23201243540671       0.645068598713986     
   3.22848955667004       0.644728254216783     
   3.22496667793337       0.644388347065913     
   3.22144379919671       0.644048890517507     
   3.21792092046004       0.643709897507268     
   3.21439804172338       0.643371380656428     
   3.21087516298671       0.643033352277585     
   3.20735228425004       0.642695824380418     
   3.20382940551338       0.642358808677292     
   3.20030652677671       0.642022316588745     
   3.19678364804004       0.641686359248867     
   3.19326076930338       0.641350947510573     
   3.18973789056671       0.641016091950769     
   3.18621501183004       0.640681802875422     
   3.18269213309338       0.640348090324516     
   3.17916925435671       0.640014964215715     
   3.17564637562004       0.639682434545103     
   3.17212349688338       0.639350509830613     
   3.16860061814671       0.639019199121524     
   3.16507773941004       0.638688511219870     
   3.16155486067338       0.638358454685718     
   3.15803198193671       0.638029037842208     
   3.15450910320004       0.637700268780373     
   3.15098622446338       0.637372155363772     
   3.14746334572671       0.637044705232962     
   3.14394046699005       0.636717925809815     
   3.14041758825338       0.636391824301703     
   3.13689470951671       0.636066407705566     
   3.13337183078005       0.635741682811865     
   3.12984895204338       0.635417656208438     
   3.12632607330671       0.635094334284255     
   3.12280319457005       0.634771723233087     
   3.11928031583338       0.634449829057104     
   3.11575743709671       0.634128657570370     
   3.11223455836005       0.633808214402291     
   3.10871167962338       0.633488505000971     
   3.10518880088671       0.633169534636510     
   3.10166592215005       0.632851308400448     
   3.09814304341338       0.632533831209099     
   3.09462016467671       0.632217107817884     
   3.09109728594005       0.631901142817208     
   3.08757440720338       0.631585940634996     
   3.08405152846672       0.631271505539628     
   3.08052864973005       0.630957841642822     
   3.07700577099338       0.630644952902454     
   3.07348289225672       0.630332843125342     
   3.06996001352005       0.630021515969968     
   3.06643713478338       0.629710974949149     
   3.06291425604672       0.629401223432674     
   3.05939137731005       0.629092264649876     
   3.05586849857338       0.628784101692174     
   3.05234561983672       0.628476737515555     
   3.04882274110005       0.628170174943027     
   3.04529986236338       0.627864416667013     
   3.04177698362672       0.627559465251717     
   3.03825410489005       0.627255323135441     
   3.03473122615338       0.626951992632857     
   3.03120834741672       0.626649475937252     
   3.02768546868005       0.626347775122721     
   3.02416258994339       0.626046892146326     
   3.02063971120672       0.625746828850224     
   3.01711683247005       0.625447587037901     
   3.01359395373339       0.625149168589862     
   3.01007107499672       0.624851574618617     
   3.00654819626005       0.624554806535998     
   3.00302531752339       0.624258865647694     
   2.99950243878672       0.623963753155356     
   2.99597956005005       0.623669470158640     
   2.99245668131339       0.623376017657197     
   2.98893380257672       0.623083396552601     
   2.98541092384005       0.622791607650237     
   2.98188804510339       0.622500651661136     
   2.97836516636672       0.622210529203772     
   2.97484228763005       0.621921240805811     
   2.97131940889339       0.621632786905833     
   2.96779653015672       0.621345167855004     
   2.96427365142006       0.621058383918723     
   2.96075077268339       0.620772435278232     
   2.95722789394672       0.620487322032197     
   2.95370501521006       0.620203044198250     
   2.95018213647339       0.619919601714513     
   2.94665925773672       0.619636994441088     
   2.94313637900006       0.619355222161513     
   2.93961350026339       0.619074284584203     
   2.93609062152672       0.618794181343858     
   2.93256774279006       0.618514912002842     
   2.92904486405339       0.618236476052549     
   2.92552198531672       0.617958872914732     
   2.92199910658006       0.617682101942814     
   2.91847622784339       0.617406162423179     
   2.91495334910672       0.617131053576435     
   2.91143047037006       0.616856774558655     
   2.90790759163339       0.616583324462602     
   2.90438471289673       0.616310702318925     
   2.90086183416006       0.616038907097341     
   2.89733895542339       0.615767937707791     
   2.89381607668673       0.615497793001582     
   2.89029319795006       0.615228471772499     
   2.88677031921339       0.614959972757912     
   2.88324744047673       0.614692294639850     
   2.87972456174006       0.614425436046067     
   2.87620168300339       0.614159395588275     
   2.87267880426673       0.613894171923323     
   2.86915592553006       0.613629763320849     
   2.86563304679339       0.613366168203145     
   2.86211016805673       0.613103384944739     
   2.85858728932006       0.612841411871569     
   2.85506441058339       0.612580247261958     
   2.85154153184673       0.612319889347569     
   2.84801865311006       0.612060336314339     
   2.84449577437339       0.611801586303401     
   2.84097289563673       0.611543637411973     
   2.83745001690006       0.611286487694245     
   2.83392713816340       0.611030135162237     
   2.83040425942673       0.610774577786649     
   2.82688138069006       0.610519813497683     
   2.82335850195340       0.610265840185864     
   2.81983562321673       0.610012655702833     
   2.81631274448006       0.609760257862131     
   2.81278986574340       0.609508644439966     
   2.80926698700673       0.609257813175972     
   2.80574410827006       0.609007761773941     
   2.80222122953340       0.608758487902555     
   2.79869835079673       0.608509989196096     
   2.79517547206006       0.608262263255147     
   2.79165259332340       0.608015307647280     
   2.78812971458673       0.607769119907725     
   2.78460683585006       0.607523697540039     
   2.78108395711340       0.607279038016751     
   2.77756107837673       0.607035138780002     
   2.77403819964007       0.606791997242169     
   2.77051532090340       0.606549610786483     
   2.76699244216673       0.606307976767631     
   2.76346956343007       0.606067092512349     
   2.75994668469340       0.605826955320000     
   2.75642380595673       0.605587562463152     
   2.75290092722007       0.605348911204513     
   2.74937804848340       0.605110998825359     
   2.74585516974673       0.604873822435339     
   2.74233229101007       0.604637379206124     
   2.73880941227340       0.604401666285213     
   2.73528653353673       0.604166680796446     
   2.73176365480007       0.603932419840515     
   2.72824077606340       0.603698880495460     
   2.72471789732673       0.603466059817155     
   2.72119501859007       0.603233954839792     
   2.71767213985340       0.603002562576343     
   2.71414926111674       0.602771880019024     
   2.71062638238007       0.602541904139746     
   2.70710350364340       0.602312631890550     
   2.70358062490674       0.602084060204048     
   2.70005774617007       0.601856185993844     
   2.69653486743340       0.601629006154949     
   2.69301198869674       0.601402517564187     
   2.68948910996007       0.601176717080602     
   2.68596623122340       0.600951601545839     
   2.68244335248674       0.600727167784537     
   2.67892047375007       0.600503412604700     
   2.67539759501340       0.600280332798066     
   2.67187471627674       0.600057925140470     
   2.66835183754007       0.599836186392195     
   2.66482895880340       0.599615113298322     
   2.66130608006674       0.599394702589065     
   2.65778320133007       0.599174950980110     
   2.65426032259341       0.598955855171716     
   2.65073744385674       0.598737411848759     
   2.64721456512007       0.598519617685287     
   2.64369168638341       0.598302469348267     
   2.64016880764674       0.598085963508340     
   2.63664592891007       0.597870096769618     
   2.63312305017341       0.597654865755181     
   2.62960017143674       0.597440267075982     
   2.62607729270007       0.597226297331122     
   2.62255441396341       0.597012953108120     
   2.61903153522674       0.596800230983179     
   2.61550865649007       0.596588127521438     
   2.61198577775341       0.596376639277230     
   2.60846289901674       0.596165762794326     
   2.60494002028007       0.595955494606173     
   2.60141714154341       0.595745831236134     
   2.59789426280674       0.595536769197715     
   2.59437138407007       0.595328304994788     
   2.59084850533341       0.595120435121814     
   2.58732562659674       0.594913156064054     
   2.58380274786008       0.594706464297781     
   2.58027986912341       0.594500356290479     
   2.57675699038674       0.594294828501048     
   2.57323411165008       0.594089877379993     
   2.56971123291341       0.593885499369614     
   2.56618835417674       0.593681690904196     
   2.56266547544008       0.593478448410182     
   2.55914259670341       0.593275768306351     
   2.55561971796674       0.593073647003990     
   2.55209683923008       0.592872080907058     
   2.54857396049341       0.592671066412349     
   2.54505108175674       0.592470599918567     
   2.54152820302008       0.592270677801006     
   2.53800532428341       0.592071296434085     
   2.53448244554674       0.591872452187499     
   2.53095956681008       0.591674141424520     
   2.52743668807341       0.591476360502139     
   2.52391380933675       0.591279105771193     
   2.52039093060008       0.591082373576499     
   2.51686805186341       0.590886160256977     
   2.51334517312675       0.590690462145768     
   2.50982229439008       0.590495275570360     
   2.50629941565341       0.590300596852691     
   2.50277653691675       0.590106422309267     
   2.49925365818008       0.589912748251265     
   2.49573077944341       0.589719570984636     
   2.49220790070675       0.589526886810206     
   2.48868502197008       0.589334692023770     
   2.48516214323341       0.589142982916185     
   2.48163926449675       0.588951755773457     
   2.47811638576008       0.588761006876832     
   2.47459350702341       0.588570732502872     
   2.47107062828675       0.588380928923539     
   2.46754774955008       0.588191592406267     
   2.46402487081341       0.588002719214037     
   2.46050199207675       0.587814305605867     
   2.45697911334008       0.587626347837669     
   2.45345623460342       0.587438842157337     
   2.44993335586675       0.587251784810515     
   2.44641047713008       0.587065172036662     
   2.44288759839342       0.586879000072977     
   2.43936471965675       0.586693265153194     
   2.43584184092008       0.586507963507063     
   2.43231896218342       0.586323091360398     
   2.42879608344675       0.586138644935113     
   2.42527320471008       0.585954620449271     
   2.42175032597342       0.585771014117117     
   2.41822744723675       0.585587822149112     
   2.41470456850008       0.585405040751967     
   2.41118168976342       0.585222666128673     
   2.40765881102675       0.585040694478526     
   2.40413593229008       0.584859121997153     
   2.40061305355342       0.584677944876533     
   2.39709017481675       0.584497159305017     
   2.39356729608009       0.584316761467343     
   2.39004441734342       0.584136747544653     
   2.38652153860675       0.583957113714504     
   2.38299865987009       0.583777856150874     
   2.37947578113342       0.583598971024537     
   2.37595290239675       0.583420454502047     
   2.37243002366009       0.583242302746618     
   2.36890714492342       0.583064511917975     
   2.36538426618675       0.582887078172278     
   2.36186138745009       0.582709997662123     
   2.35833850871342       0.582533266536527     
   2.35481562997675       0.582356880940926     
   2.35129275124009       0.582180837017164     
   2.34776987250342       0.582005130903472     
   2.34424699376675       0.581829758734464     
   2.34072411503009       0.581654716641112     
   2.33720123629342       0.581480000750727     
   2.33367835755676       0.581305607186940     
   2.33015547882009       0.581131532069678     
   2.32663260008342       0.580957771515138     
   2.32310972134676       0.580784321635756     
   2.31958684261009       0.580611178540184     
   2.31606396387342       0.580438338333252     
   2.31254108513676       0.580265797115939     
   2.30901820640009       0.580093550985342     
   2.30549532766342       0.579921596034661     
   2.30197244892676       0.579749928353049     
   2.29844957019009       0.579578544025698     
   2.29492669145342       0.579407439133749     
   2.29140381271676       0.579236609754248     
   2.28788093398009       0.579066051960098     
   2.28435805524342       0.578895761820016     
   2.28083517650676       0.578725735398473     
   2.27731229777009       0.578555968755648     
   2.27378941903343       0.578386457947374     
   2.27026654029676       0.578217199025078     
   2.26674366156009       0.578048188035730     
   2.26322078282343       0.577879421021775     
   2.25969790408676       0.577710894021079     
   2.25617502535009       0.577542603066863     
   2.25265214661343       0.577374544187259     
   2.24912926787676       0.577206713404222     
   2.24560638914009       0.577039106736599     
   2.24208351040343       0.576871720198493     
   2.23856063166676       0.576704549799012     
   2.23503775293009       0.576537591542210     
   2.23151487419343       0.576370841427007     
   2.22799199545676       0.576204295447112     
   2.22446911672009       0.576037949590951     
   2.22094623798343       0.575871799841578     
   2.21742335924676       0.575705842176601     
   2.21390048051010       0.575540072568098     
   2.21037760177343       0.575374486982529     
   2.20685472303676       0.575209081380656     
   2.20333184430010       0.575043851717450     
   2.19980896556343       0.574878793942006     
   2.19628608682676       0.574713903997449     
   2.19276320809010       0.574549177820845     
   2.18924032935343       0.574384611343105     
   2.18571745061676       0.574220200488890     
   2.18219457188010       0.574055941176517     
   2.17867169314343       0.573891829317856     
   2.17514881440676       0.573727860818233     
   2.17162593567010       0.573564031576328     
   2.16810305693343       0.573400337484074     
   2.16458017819676       0.573236774426549     
   2.16105729946010       0.573073338281871     
   2.15753442072343       0.572910024921095     
   2.15401154198676       0.572746830208097     
   2.15048866325010       0.572583749999468     
   2.14696578451343       0.572420780144403     
   2.14344290577677       0.572257916484584     
   2.13992002704010       0.572095154854068     
   2.13639714830343       0.571932491079168     
   2.13287426956677       0.571769920978339     
   2.12935139083010       0.571607440362054     
   2.12582851209343       0.571445045032688     
   2.12230563335677       0.571282730784393     
   2.11878275462010       0.571120493402972     
   2.11525987588343       0.570958328665760     
   2.11173699714677       0.570796232341492     
   2.10821411841010       0.570634200190176     
   2.10469123967343       0.570472227962966     
   2.10116836093677       0.570310311402027     
   2.09764548220010       0.570148446240406     
   2.09412260346343       0.569986628201895     
   2.09059972472677       0.569824853000898     
   2.08707684599010       0.569663116342291     
   2.08355396725344       0.569501413921289     
   2.08003108851677       0.569339741423300     
   2.07650820978010       0.569178094523787     
   2.07298533104344       0.569016468888124     
   2.06946245230677       0.568854860171453     
   2.06593957357010       0.568693264018537     
   2.06241669483344       0.568531676062641     
   2.05889381609677       0.568370091926409     
   2.05537093736010       0.568208507222683     
   2.05184805862344       0.568046917553328     
   2.04832517988677       0.567885318509079     
   2.04480230115010       0.567723705669383     
   2.04127942241344       0.567562074602250     
   2.03775654367677       0.567400420864087     
   2.03423366494010       0.567238739999544     
   2.03071078620344       0.567077027541351     
   2.02718790746677       0.566915279010157     
   2.02366502873011       0.566753489914365     
   2.02014214999344       0.566591655749970     
   2.01661927125677       0.566429772000388     
   2.01309639252011       0.566267834136288     
   2.00957351378344       0.566105837615428     
   2.00605063504677       0.565943777882476     
   2.00252775631011       0.565781650368841     
   1.99900487757344       0.565619450492500     
   1.99548199883677       0.565457173657816     
   1.99195912010011       0.565294815255368     
   1.98843624136344       0.565132370661768     
   1.98491336262677       0.564969835239477     
   1.98139048389011       0.564807204336630     
   1.97786760515344       0.564644473286847     
   1.97434472641677       0.564481637409047     
   1.97082184768011       0.564318692007265     
   1.96729896894344       0.564155632370459     
   1.96377609020677       0.563992453772323     
   1.96025321147011       0.563829151471091     
   1.95673033273344       0.563665720709348     
   1.95320745399678       0.563502156713830     
   1.94968457526011       0.563338454695232     
   1.94616169652344       0.563174609848006     
   1.94263881778678       0.563010617350158     
   1.93911593905011       0.562846472363055     
   1.93559306031344       0.562682170031210     
   1.93207018157678       0.562517705482086     
   1.92854730284011       0.562353073825883     
   1.92502442410344       0.562188270155330     
   1.92150154536678       0.562023289545478     
   1.91797866663011       0.561858127053482     
   1.91445578789344       0.561692777718390     
   1.91093290915678       0.561527236560928     
   1.90741003042011       0.561361498583278     
   1.90388715168344       0.561195558768863     
   1.90036427294678       0.561029412082121     
   1.89684139421011       0.560863053468287     
   1.89331851547345       0.560696477853162     
   1.88979563673678       0.560529680142891     
   1.88627275800011       0.560362655223729     
   1.88274987926345       0.560195397961723     
   1.87922700052678       0.560027903201502     
   1.87570412179011       0.559860165768001     
   1.87218124305345       0.559692180465703     
   1.86865836431678       0.559523942078025     
   1.86513548558011       0.559355445367082     
   1.86161260684345       0.559186685073443     
   1.85808972810678       0.559017655915887     
   1.85456684937011       0.558848352591154     
   1.85104397063345       0.558678769773697     
   1.84752109189678       0.558508902115433     
   1.84399821316011       0.558338744245487     
   1.84047533442345       0.558168290769938     
   1.83695245568678       0.557997536271562     
   1.83342957695012       0.557826475309569     
   1.82990669821345       0.557655102419347     
   1.82638381947678       0.557483412112192     
   1.82286094074012       0.557311398875046     
   1.81933806200345       0.557139057170225     
   1.81581518326678       0.556966381435150     
   1.81229230453012       0.556793366082074     
   1.80876942579345       0.556620005486653     
   1.80524654705678       0.556446293952917     
   1.80172366832012       0.556272225858965     
   1.79820078958345       0.556097795514216     
   1.79467791084678       0.555922997201515     
   1.79115503211012       0.555747825176855     
   1.78763215337345       0.555572273669082     
   1.78410927463678       0.555396336879608     
   1.78058639590012       0.555220008982121     
   1.77706351716345       0.555043284122281     
   1.77354063842679       0.554866156417431     
   1.77001775969012       0.554688619956290     
   1.76649488095345       0.554510668798653     
   1.76297200221679       0.554332296975083     
   1.75944912348012       0.554153498486603     
   1.75592624474345       0.553974267304386     
   1.75240336600679       0.553794597369439     
   1.74888048727012       0.553614482592287     
   1.74535760853345       0.553433916852649     
   1.74183472979679       0.553252893999125     
   1.73831185106012       0.553071407848858     
   1.73478897232345       0.552889452187215     
   1.73126609358679       0.552707020767451     
   1.72774321485012       0.552524107310374     
   1.72422033611345       0.552340705504009     
   1.72069745737679       0.552156809003255     
   1.71717457864012       0.551972411429541     
   1.71365169990345       0.551787506370480     
   1.71012882116679       0.551602087379516     
   1.70660594243012       0.551416147975480     
   1.70308306369346       0.551229681641492     
   1.69956018495679       0.551042681826318     
   1.69603730622012       0.550855141943256     
   1.69251442748346       0.550667055369630     
   1.68899154874679       0.550478415446417     
   1.68546867001012       0.550289215477867     
   1.68194579127346       0.550099448731129     
   1.67842291253679       0.549909108435861     
   1.67490003380012       0.549718187783848     
   1.67137715506346       0.549526679928607     
   1.66785427632679       0.549334577984990     
   1.66433139759012       0.549141875028787     
   1.66080851885346       0.548948564096318     
   1.65728564011679       0.548754638184027     
   1.65376276138012       0.548560090248066     
   1.65023988264346       0.548364913203875     
   1.64671700390679       0.548169099925765     
   1.64319412517013       0.547972643246484     
   1.63967124643346       0.547775535956784     
   1.63614836769679       0.547577770804989     
   1.63262548896013       0.547379340496544     
   1.62910261022346       0.547180237693570     
   1.62557973148679       0.546980455014410     
   1.62205685275013       0.546779985033169     
   1.61853397401346       0.546578820279244     
   1.61501109527679       0.546376953236857     
   1.61148821654013       0.546174376344576     
   1.60796533780346       0.545971081994828     
   1.60444245906679       0.545767062533408     
   1.60091958033013       0.545562310258985     
   1.59739670159346       0.545356817422594     
   1.59387382285679       0.545150576227120     
   1.59035094412013       0.544943578826789     
   1.58682806538346       0.544735817326629     
   1.58330518664680       0.544527283781944     
   1.57978230791013       0.544317970197765     
   1.57625942917346       0.544107868528297     
   1.57273655043680       0.543896970676364     
   1.56921367170013       0.543685268492833     
   1.56569079296346       0.543472753776036     
   1.56216791422680       0.543259418271183     
   1.55864503549013       0.543045253669756     
   1.55512215675346       0.542830251608906     
   1.55159927801680       0.542614403670824     
   1.54807639928013       0.542397701382114     
   1.54455352054346       0.542180136213144     
   1.54103064180680       0.541961699577388     
   1.53750776307013       0.541742382830735     
   1.53398488433346       0.541522177270558     
   1.53046200559680       0.541301074135556     
   1.52693912686013       0.541079064604897     
   1.52341624812346       0.540856139797358     
   1.51989336938680       0.540632290770572     
   1.51637049065013       0.540407508520270     
   1.51284761191347       0.540181783979490     
   1.50932473317680       0.539955108017783     
   1.50580185444013       0.539727471440389     
   1.50227897570347       0.539498864987390     
   1.49875609696680       0.539269279332851     
   1.49523321823013       0.539038705083923     
   1.49171033949347       0.538807132779935     
   1.48818746075680       0.538574552891451     
   1.48466458202013       0.538340955819299     
   1.48114170328347       0.538106331893578     
   1.47761882454680       0.537870671372625     
   1.47409594581013       0.537633964441956     
   1.47057306707347       0.537396201213166     
   1.46705018833680       0.537157371722792     
   1.46352730960013       0.536917465931147     
   1.46000443086347       0.536676473721091     
   1.45648155212680       0.536434384896776     
   1.45295867339014       0.536191189182337     
   1.44943579465347       0.535946876220522     
   1.44591291591680       0.535701435571284     
   1.44239003718014       0.535454856710298     
   1.43886715844347       0.535207129027425     
   1.43534427970680       0.534958241825106     
   1.43182140097014       0.534708184316681     
   1.42829852223347       0.534456945624633     
   1.42477564349680       0.534204514778745     
   1.42125276476014       0.533950880714167     
   1.41772988602347       0.533696032269389     
   1.41420700728680       0.533439958184106     
   1.41068412855014       0.533182647096971     
   1.40716124981347       0.532924087543227     
   1.40363837107680       0.532664267952201     
   1.40011549234014       0.532403176644667     
   1.39659261360347       0.532140801830035     
   1.39306973486681       0.531877131603387     
   1.38954685613014       0.531612153942316     
   1.38602397739347       0.531345856703565     
   1.38250109865681       0.531078227619457     
   1.37897821992014       0.530809254294072     
   1.37545534118347       0.530538924199172     
   1.37193246244681       0.530267224670126     
   1.36840958371014       0.529994142901398     
   1.36488670497347       0.529719665940533     
   1.36136382623681       0.529443780683248     
   1.35784094750014       0.529166473867638     
   1.35431806876347       0.528887732067897     
   1.35079519002681       0.528607541687513     
   1.34727231129014       0.528325888951912     
   1.34374943255347       0.528042759900464     
   1.34022655381681       0.527758140377806     
   1.33670367508014       0.527472016024378     
   1.33318079634347       0.527184372266117     
   1.32965791760681       0.526895194303187     
   1.32613503887014       0.526604467097641     
   1.32261216013348       0.526312175359887     
   1.31908928139681       0.526018303533809     
   1.31556640266014       0.525722835780361     
   1.31204352392348       0.525425755959456     
   1.30852064518681       0.525127047609907     
   1.30499776645014       0.524826693927182     
   1.30147488771348       0.524524677738681     
   1.29795200897681       0.524220981476181     
   1.29442913024014       0.523915587145052     
   1.29090625150348       0.523608476289797     
   1.28738337276681       0.523299629955339     
   1.28386049403014       0.522989028643454     
   1.28033761529348       0.522676652263563     
   1.27681473655681       0.522362480077025     
   1.27329185782014       0.522046490633861     
   1.26976897908348       0.521728661700661     
   1.26624610034681       0.521408970178167     
   1.26272322161015       0.521087392006755     
   1.25920034287348       0.520763902057615     
   1.25567746413681       0.520438474007046     
   1.25215458540015       0.520111080190633     
   1.24863170666348       0.519781691433439     
   1.24510882792681       0.519450276851386     
   1.24158594919015       0.519116803617864     
   1.23806307045348       0.518781236688148     
   1.23454019171681       0.518443538472254     
   1.23101731298015       0.518103668444427     
   1.22749443424348       0.517761582674209     
   1.22397155550681       0.517417233259809     
   1.22044867677015       0.517070567638831     
   1.21692579803348       0.516721527743745     
   1.21340291929681       0.516370048961551     
   1.20988004056015       0.516016058834345     
   1.20635716182348       0.515659475422001     
   1.20283428308682       0.515300205232955     
   1.19931140435015       0.514938140564152     
   1.19578852561348       0.514573156044540     
   1.19226564687682       0.514205104082977     
   1.18874276814015       0.513833808782499     
   1.18521988940348       0.513459057665667     
   1.18169701066682       0.513080590206408     
   1.17817413193015       0.512698081584327     
   1.17465125319348       0.512311119082153     
   1.17112837445682       0.511919166765154     
   1.16760549572015       0.511521510734470     
   1.16408261698348       0.511117170585289     
   1.16055973824682       0.510704748476557     
   1.15703685951015       0.510282154040569     
   1.15351398077348       0.509846056589358     
   1.14999110203682       0.509390650867720     
   1.14646822330015       0.508904302885352     
   1.14294534456349       0.508356835208000     
   1.13942246582682       0.507567991202431     
   1.13589958709015       0.507745859606589     
   1.13237670835349       0.507034791629158     
   1.12885382961682       0.505952616918637     
   1.12533095088015       0.506014993100867     
   1.12180807214349       0.506088676882330     
   1.11828519340682       0.506499702110281     
   1.11476231467015       0.506209492175174     
   1.11123943593349       0.506207386713562     
   1.10771655719682       0.506240784153927     
   1.10419367846015       0.506281067164311     
   1.10067079972349       0.506322511830892     
   1.09714792098682       0.506363697035497     
   1.09362504225015       0.506404106630813     
   1.09010216351349       0.506443504537048     
   1.08657928477682       0.506481763844567     
   1.08305640604015       0.506518807197035     
   1.07953352730349       0.506554582294385     
   1.07601064856682       0.506589050564382     
   1.07248776983016       0.506622181437832     
   1.06896489109349       0.506653949239990     
   1.06544201235682       0.506684331374698     
   1.06191913362016       0.506713307255717     
   1.05839625488349       0.506740857622652     
   1.05487337614682       0.506766964094371     
   1.05135049741016       0.506791608870868     
   1.04782761867349       0.506814774529507     
   1.04430473993682       0.506836443882119     
   1.04078186120016       0.506856599872155     
   1.03725898246349       0.506875225498839     
   1.03373610372682       0.506892303759871     
   1.03021322499016       0.506907817607029     
   1.02669034625349       0.506921749910814     
   1.02316746751682       0.506934083431580     
   1.01964458878016       0.506944800795574     
   1.01612171004349       0.506953884475202     
   1.01259883130683       0.506961316773548     
   1.00907595257016       0.506967079813724     
   1.00555307383349       0.506971155533521     
   1.00203019509683       0.506973525684937     
  0.998507316360159       0.506974171836493     
  0.994984437623493       0.506973075374752     
  0.991461558886826       0.506970217501557     
  0.987938680150160       0.506965579226014     
  0.984415801413493       0.506959141353550     
  0.980892922676827       0.506950884475679     
  0.977370043940160       0.506940788962420     
  0.973847165203494       0.506928834956906     
  0.970324286466828       0.506915002370854     
  0.966801407730161       0.506899270879945     
  0.963278528993495       0.506881619918655     
  0.959755650256828       0.506862028674250     
  0.956232771520162       0.506840476081076     
  0.952709892783495       0.506816940811693     
  0.949187014046829       0.506791401264582     
  0.945664135310162       0.506763835556950     
  0.942141256573496       0.506734221516289     
  0.938618377836829       0.506702536674669     
  0.935095499100163       0.506668758268035     
  0.931572620363496       0.506632863241896     
  0.928049741626830       0.506594828262810     
  0.924526862890163       0.506554629732065     
  0.921003984153497       0.506512243795762     
  0.917481105416830       0.506467646346180     
  0.913958226680164       0.506420813013578     
  0.910435347943497       0.506371719152611     
  0.906912469206831       0.506320339829193     
  0.903389590470165       0.506266649810853     
  0.899866711733498       0.506210623559939     
  0.896343832996832       0.506152235227639     
  0.892820954260165       0.506091458647328     
  0.889298075523498       0.506028267326558     
  0.885775196786832       0.505962634437377     
  0.882252318050166       0.505894532804900     
  0.878729439313499       0.505823934894457     
  0.875206560576833       0.505750812798203     
  0.871683681840166       0.505675138222857     
  0.868160803103500       0.505596882480990     
  0.864637924366833       0.505516016488644     
  0.861115045630167       0.505432510771370     
  0.857592166893500       0.505346335478586     
  0.854069288156834       0.505257460402599     
  0.850546409420167       0.505165854995182     
  0.847023530683501       0.505071488373965     
  0.843500651946834       0.504974329313287     
  0.839977773210168       0.504874346222839     
  0.836454894473501       0.504771507121307     
  0.832932015736835       0.504665779611296     
  0.829409137000168       0.504557130857918     
  0.825886258263502       0.504445527569312     
  0.822363379526835       0.504330935976946     
  0.818840500790169       0.504213321815193     
  0.815317622053502       0.504092650301403     
  0.811794743316836       0.503968886119123     
  0.808271864580170       0.503841993408418     
  0.804748985843503       0.503711935768322     
  0.801226107106837       0.503578676276547     
  0.797703228370170       0.503442177529657     
  0.794180349633504       0.503302401701644     
  0.790657470896837       0.503159310609659     
  0.787134592160171       0.503012865764066     
  0.783611713423504       0.502863028370962     
  0.780088834686838       0.502709759257375     
  0.776565955950171       0.502553018709436     
  0.773043077213505       0.502392766249119     
  0.769520198476838       0.502228960405929     
  0.765997319740172       0.502061558539406     
  0.762474441003505       0.501890516728745     
  0.758951562266839       0.501715789696740     
  0.755428683530172       0.501537330719875     
  0.751905804793506       0.501355091502974     
  0.748382926056839       0.501169022033575     
  0.744860047320173       0.500979070451992     
  0.741337168583506       0.500785182982754     
  0.737814289846840       0.500587303972305     
  0.734291411110173       0.500385376092614     
  0.730768532373507       0.500179340764467     
  0.727245653636840       0.499969138832346     
  0.723722774900174       0.499754711467717     
  0.720199896163507       0.499536001180663     
  0.716677017426841       0.499312952690373     
  0.713154138690175       0.499085513281139     
  0.709631259953508       0.498853632228328     
  0.706108381216841       0.498617259012948     
  0.702585502480175       0.498376340394458     
  0.699062623743509       0.498130816882792     
  0.695539745006842       0.497880619470322     
  0.692016866270176       0.497625667356776     
  0.688493987533509       0.497365866811194     
  0.684971108796843       0.497101110664885     
  0.681448230060176       0.496831277747892     
  0.677925351323510       0.496556231960733     
  0.674402472586843       0.496275821207611     
  0.670879593850177       0.495989876730634     
  0.667356715113510       0.495698213443897     
  0.663833836376844       0.495400631855094     
  0.660310957640177       0.495096922107940     
  0.656788078903511       0.494786870502329     
  0.653265200166844       0.494470268440443     
  0.649742321430178       0.494146923052921     
  0.646219442693511       0.493816667785349     
  0.642696563956845       0.493479370206475     
  0.639173685220178       0.493134933614089     
  0.635650806483512       0.492783289208310     
  0.632127927746845       0.492424377168895     
  0.628605049010179       0.492058117941968     
  0.625082170273513       0.491684378617603     
  0.621559291536846       0.491302941802443     
  0.618036412800180       0.490913484072961     
  0.614513534063513       0.490515567466717     
  0.610990655326847       0.490108642429335     
  0.607467776590180       0.489692057516704     
  0.603944897853514       0.489265071916739     
  0.600422019116847       0.488826870219696     
  0.596899140380181       0.488376581757237     
  0.593376261643514       0.487913307361771     
  0.589853382906848       0.487436154930548     
  0.586330504170181       0.486944282886368     
  0.582807625433515       0.486436948341305     
  0.579284746696848       0.485913554922027     
  0.575761867960182       0.485373694226581     
  0.572238989223515       0.484817175133174     
  0.568716110486849       0.484244036767185     
  0.565193231750182       0.483654543510843     
  0.561670353013516       0.483049163316862     
  0.558147474276849       0.482428532993658     
  0.554624595540183       0.481793415523933     
  0.551101716803516       0.481144654710642     
  0.547578838066850       0.480483131726702     
  0.544055959330183       0.479809726883517     
  0.540533080593517       0.479125288542707     
  0.537010201856851       0.478430609873276     
  0.533487323120184       0.477726413248397     
  0.529964444383518       0.477013341501647     
  0.526441565646851       0.476291954966615     
  0.522918686910185       0.475562733124754     
  0.519395808173518       0.474826079707170     
  0.515872929436852       0.474082330180248     
  0.512350050700185       0.473331760658108     
  0.508827171963519       0.472574597410639     
  0.505304293226852       0.471811026269042     
  0.501781414490186       0.471041201370448     
  0.498258535753519       0.470265252827954     
  0.494735657016853       0.469483293058240     
  0.491212778280186       0.468695421638828     
  0.487689899543520       0.467901728692749     
  0.484167020806853       0.467102296902246     
  0.480644142070187       0.466297202329900     
